     0/399     1.39G    0.1082    0.0463   0.03534    0.1899        32       416   0.00122    0.0612 0.0002677  4.99e-05   0.09564   0.03682   0.03106
     1/399     1.47G    0.1035    0.0484    0.0296    0.1815        44       416  0.001213   0.06185 0.0003841 8.254e-05   0.09486   0.03721   0.02763
     2/399     1.47G    0.1017   0.04879   0.02734    0.1778        26       416  0.004072   0.01447 0.0005785 0.0001046   0.09905   0.03651   0.02564
     3/399     1.47G    0.1007   0.04977   0.02535    0.1758        32       416  0.001598   0.01497 0.0003412  6.34e-05   0.09548   0.03681    0.0243
     4/399     1.47G   0.09914   0.05015   0.02433    0.1736        61       416   0.01009   0.04427  0.002773 0.0005645    0.0959   0.03577   0.02267
     5/399     1.47G   0.09739    0.0502   0.02387    0.1715        24       416    0.3795   0.04753   0.01736  0.003574   0.08906   0.03629    0.0214
     6/399     1.47G   0.09242   0.04836    0.0235    0.1643        57       416    0.7495   0.05593   0.03793   0.01044    0.0828   0.03472   0.01991
     7/399     1.47G   0.08812   0.04732   0.02256     0.158        47       416    0.7868   0.08008   0.06752   0.01923   0.07848   0.03441   0.02004
     8/399     1.47G   0.08363   0.04668   0.02157    0.1519        26       416    0.4779    0.1299    0.0716   0.02121   0.07445   0.03364   0.01948
     9/399     1.47G   0.08178   0.04444   0.02223    0.1484        46       416    0.7686    0.1204   0.08199   0.02457   0.07232   0.03408    0.0189
    10/399     1.47G   0.07876   0.04432   0.02027    0.1433        36       416    0.5196    0.1812    0.1329   0.04846   0.06817   0.03116   0.01841
    11/399     1.47G   0.07747   0.04387   0.02007    0.1414        40       416    0.4639    0.1699   0.09126   0.02648   0.07488   0.03352   0.01785
    12/399     1.47G   0.07608    0.0433   0.01832    0.1377        70       416    0.4927    0.2553     0.114   0.03139   0.06856   0.03064   0.01627
    13/399     1.47G   0.07514   0.04311   0.01703    0.1353        32       416    0.5938    0.2277    0.1826   0.05259   0.06583   0.03023   0.01322
    14/399     1.47G   0.07482   0.04335   0.01596    0.1341        29       416    0.6371    0.2245    0.1985   0.07229   0.06654   0.03091   0.01277
    15/399     1.47G   0.07093   0.04223   0.01489     0.128        34       416    0.4928    0.2119   0.09183   0.03191   0.06438   0.03717   0.01412
    16/399     1.47G   0.06879   0.04079   0.01326    0.1228        37       416    0.6933    0.2554    0.2395   0.09228   0.05815   0.02908   0.01337
    17/399     1.47G   0.06733   0.04112   0.01257     0.121        56       416    0.7218    0.3086    0.3266    0.1263   0.05587   0.02677  0.009994
    18/399     1.47G   0.06594   0.04094   0.01192    0.1188        33       416    0.7484    0.2934    0.3172    0.1149   0.05434   0.02665   0.01016
    19/399     1.47G   0.06418   0.04004   0.01196    0.1162        35       416    0.7008    0.3149      0.32    0.1273   0.05617   0.02703   0.01066
    20/399     1.47G   0.06206   0.04082   0.01028    0.1132        77       416    0.7742    0.3615    0.3845    0.1658   0.05257   0.02562  0.006581
    21/399     1.47G   0.06132   0.03984   0.01103    0.1122        36       416    0.8213    0.3703    0.4143    0.1861   0.05115   0.02409  0.008999
    22/399     1.47G   0.06033   0.03845  0.009897    0.1087        32       416    0.8341      0.33    0.3972     0.163   0.05155   0.02417  0.006351
    23/399     1.47G   0.05725   0.03898  0.009608    0.1058        34       416    0.7936    0.4006    0.4303    0.1881   0.05381   0.02523  0.007104
    24/399     1.47G   0.05844   0.03715  0.009522    0.1051        46       416    0.8579    0.3788    0.4461    0.2002   0.05087   0.02303  0.007688
    25/399     1.47G   0.05593   0.03715  0.008813    0.1019        36       416    0.8187    0.3922    0.4461     0.208   0.04938    0.0234   0.00807
    26/399     1.47G   0.05622    0.0367  0.008913    0.1018        52       416    0.9251    0.4177    0.4962    0.2494   0.04588   0.02328  0.005364
    27/399     1.47G   0.05507    0.0354  0.008588   0.09906        33       416    0.8657    0.4365    0.4847    0.2359   0.04647   0.02283  0.005873
    28/399     1.47G   0.05459   0.03637   0.00819   0.09915        59       416    0.8876    0.3614    0.4432    0.1979   0.04895    0.0238  0.007086
    29/399     1.47G   0.05321   0.03604  0.007786   0.09704        31       416    0.8509    0.4027    0.4532    0.2088   0.04764   0.02292  0.006731
    30/399     1.47G   0.05289    0.0359  0.007255   0.09604        49       416     0.862    0.4281    0.4828    0.2452   0.04566   0.02203  0.005782
    31/399     1.47G   0.05175   0.03613  0.007533   0.09541        23       416     0.839    0.4405     0.482    0.2402    0.0438   0.02207  0.006568
    32/399     1.47G   0.05295   0.03525  0.007615   0.09582        30       416    0.8615    0.4564    0.4929    0.2463    0.0437   0.02342  0.005621
    33/399     1.47G    0.0519   0.03511  0.007553   0.09456        58       416    0.8407    0.4278    0.4781    0.2463   0.04456   0.02216  0.005668
    34/399     1.47G   0.05164   0.03582  0.008173   0.09563        58       416    0.8677     0.442    0.5074    0.2502   0.04326   0.02211  0.005705
    35/399     1.47G   0.05073   0.03499  0.006806   0.09253        30       416    0.8816    0.4617    0.5098     0.253   0.04612   0.02255  0.005527
    36/399     1.47G   0.05069   0.03393  0.007677    0.0923        26       416    0.9055     0.406    0.4927    0.2324   0.04573   0.02195  0.005825
    37/399     1.47G      0.05   0.03419  0.007537   0.09173        40       416    0.8681    0.4686     0.521    0.2724   0.04086   0.02082  0.004263
    38/399     1.47G   0.04968   0.03421  0.007203   0.09109        33       416    0.8776    0.4636     0.511    0.2671    0.0422   0.02118  0.004816
    39/399     1.47G   0.04984   0.03489  0.006694   0.09142        40       416    0.8805    0.4733    0.5166    0.2537   0.04492   0.02211  0.004922
    40/399     1.47G   0.05004   0.03402  0.006449   0.09051        32       416    0.8689    0.4734    0.5345    0.2766   0.04162   0.02069  0.005213
    41/399     1.47G   0.04782   0.03372  0.005547   0.08708        52       416    0.8924    0.4592    0.5035    0.2632   0.04254   0.02139  0.005202
    42/399     1.47G   0.04823   0.03374  0.006359   0.08834        22       416    0.9016    0.4791    0.5308     0.283   0.04033    0.0202  0.004733
    43/399     1.47G   0.04805   0.03346  0.005909   0.08743        25       416     0.932    0.4495    0.5387    0.2848   0.04042   0.02072  0.004633
    44/399     1.47G   0.04855    0.0335  0.005899   0.08795        58       416    0.9131    0.4981     0.547    0.2927    0.0409   0.02096  0.004498
    45/399     1.47G   0.04643   0.03207  0.006192   0.08469        17       416    0.9011    0.4646      0.52    0.2574     0.044   0.02116  0.004486
    46/399     1.47G   0.04721   0.03314   0.00558   0.08593        30       416    0.9187    0.4958    0.5497    0.2844   0.04022   0.02034  0.004201
    47/399     1.47G   0.04658   0.03223  0.005932   0.08474        31       416    0.9167    0.4687    0.5334    0.2941   0.03901   0.02028  0.003699
    48/399     1.47G    0.0459   0.03247  0.005915   0.08428        33       416    0.8823    0.4942    0.5384    0.2842    0.0409     0.021   0.00428
    49/399     1.47G   0.04725     0.033  0.005828   0.08608        49       416    0.8683    0.4758    0.5294     0.286   0.04169   0.02073  0.005489
    50/399     1.47G   0.04548   0.03268  0.005835     0.084        41       416     0.905    0.5184    0.5634    0.3029   0.03956   0.02066  0.003811
    51/399     1.47G   0.04611   0.03294  0.005388   0.08444        51       416    0.8741    0.5004    0.5363     0.287    0.0396   0.02003  0.004079
    52/399     1.47G    0.0456   0.03173  0.005917   0.08325        19       416     0.893    0.4943    0.5417    0.2966   0.03889   0.01993  0.003973
    53/399     1.47G   0.04554   0.03231  0.005204   0.08305        24       416    0.8915    0.4727    0.5214    0.2728   0.04209   0.02098  0.004626
    54/399     1.47G   0.04496   0.03286  0.004662   0.08248        39       416    0.9138    0.4968    0.5486    0.3011   0.03876   0.01965  0.004158
    55/399     1.47G   0.04391   0.03159  0.004498      0.08        37       416     0.926    0.5011    0.5577    0.3058   0.03789    0.0194  0.003986
    56/399     1.47G    0.0447   0.03084  0.005288   0.08084        83       416    0.9421    0.4788    0.5512    0.2985   0.03819   0.01969  0.003861
    57/399     1.47G   0.04386   0.03239   0.00503   0.08128        46       416    0.9237    0.4988    0.5481    0.3036   0.03841   0.02001  0.004443
    58/399     1.47G   0.04402    0.0312  0.004634   0.07985        42       416    0.9016    0.5083    0.5573     0.305   0.03895   0.01935  0.003392
    59/399     1.47G   0.04428   0.03064  0.004552   0.07947        64       416    0.9113    0.5114    0.5604     0.299    0.0393    0.0194  0.004101
    60/399     1.47G   0.04286   0.03121   0.00479   0.07885        31       416    0.9151    0.5156     0.557    0.3074   0.03781   0.01974  0.003556
    61/399     1.47G   0.04336   0.03035   0.00466   0.07837        23       416    0.9125    0.5007    0.5542    0.3052   0.03775   0.01934  0.003957
    62/399     1.47G   0.04375   0.03099  0.004625   0.07936        40       416      0.92    0.5081    0.5519      0.29   0.04018    0.0199  0.003492
    63/399     1.47G   0.04354   0.03142  0.004837    0.0798        72       416    0.9307    0.4882    0.5536    0.3176   0.03781   0.01927  0.004295
    64/399     1.47G   0.04377   0.03197  0.005623   0.08136        58       416    0.9049     0.499    0.5553    0.3086     0.037   0.02081  0.004075
    65/399     1.47G   0.04306    0.0323  0.004978   0.08034        32       416    0.9222    0.5164    0.5653    0.3116   0.03794   0.01948  0.003906
    66/399     1.47G   0.04409   0.03182  0.004699   0.08061        43       416    0.8883    0.5277    0.5572    0.3057     0.039   0.01966  0.003607
    67/399     1.47G   0.04199   0.02945  0.004379   0.07582        22       416    0.9499    0.4985    0.5634    0.3029   0.03895   0.01918  0.004485
    68/399     1.47G   0.04276   0.02931  0.004226   0.07629        38       416    0.9233    0.5164    0.5685    0.3167   0.03701   0.01982  0.003678
    69/399     1.47G   0.04219   0.02998  0.004972   0.07714        43       416    0.9285    0.5233    0.5611    0.3131   0.03791   0.01939  0.003816
    70/399     1.47G   0.04209   0.02907  0.004984   0.07614        45       416    0.9063    0.5318    0.5673    0.3204   0.03618    0.0192  0.003837
    71/399     1.47G   0.04143    0.0312  0.004358     0.077        31       416    0.9351     0.491    0.5599    0.3076   0.03876   0.01901  0.003903
    72/399     1.47G   0.04125   0.02954  0.004618   0.07541        33       416    0.9156    0.5114    0.5578    0.3089   0.03787   0.01957  0.004845
    73/399     1.47G   0.04172   0.02949  0.004153   0.07536        59       416    0.5875    0.5475    0.5615    0.3173   0.03681   0.01944  0.004292
    74/399     1.47G   0.04161   0.03015  0.004083   0.07585        53       416      0.92    0.5235    0.5614    0.3274   0.03576   0.01848  0.004128
    75/399     1.47G   0.04154   0.02971  0.004517   0.07576        61       416    0.9101    0.5315    0.5682    0.3201   0.03652   0.01915  0.003574
    76/399     1.47G   0.04184   0.02982  0.004281   0.07594        49       416     0.923    0.5159     0.566    0.3175   0.03607   0.01885  0.004113
    77/399     1.47G   0.04172   0.03007  0.003726   0.07552        54       416     0.942    0.5117    0.5654    0.3158   0.03711   0.01899  0.003685
    78/399     1.47G   0.04021   0.02882  0.004134   0.07317        38       416    0.9156    0.5418    0.5832    0.3326   0.03625   0.01868  0.004252
    79/399     1.47G   0.03984   0.02877  0.003817   0.07243        49       416    0.9058    0.5298    0.5693    0.3312   0.03649   0.01866  0.004188
    80/399     1.47G   0.04079   0.02998  0.004555   0.07533        27       416    0.9109    0.5351    0.5785    0.3186    0.0384   0.01894  0.004067
    81/399     1.47G   0.04168   0.02956  0.004106   0.07534        51       416     0.906    0.5327    0.5724    0.3259   0.03617    0.0193  0.004289
    82/399     1.47G   0.04073   0.02906  0.003997   0.07379        87       416    0.9072    0.5142    0.5621     0.323   0.03679   0.01859  0.005294
    83/399     1.47G   0.04083   0.03052  0.003711   0.07505        31       416    0.9079    0.5372    0.5705     0.316   0.03612   0.01857  0.004028
    84/399     1.47G   0.03982   0.02982  0.003774   0.07341        27       416     0.575    0.5172    0.5599    0.3104   0.03761   0.01939  0.003801
    85/399     1.47G   0.04014   0.02932  0.004407   0.07387        49       416    0.5873    0.5107    0.5591     0.315   0.03673   0.01922  0.003732
    86/399     1.47G   0.04074   0.02836   0.00374   0.07284        33       416    0.5934    0.4981    0.5513    0.3134   0.03645   0.01899  0.004231
    87/399     1.47G   0.04039    0.0298  0.003742   0.07394        34       416     0.932    0.5321     0.569    0.3268   0.03599   0.01881  0.003668
    88/399     1.47G   0.03995   0.02882  0.003698   0.07247        20       416    0.8956    0.5402    0.5681    0.3305   0.03561   0.01858  0.003806
    89/399     1.47G   0.03958    0.0282   0.00371   0.07149        27       416    0.5728     0.538    0.5792    0.3326   0.03549   0.01822   0.00347
    90/399     1.47G   0.04032   0.02844  0.003707   0.07247        26       416    0.9168    0.5383    0.5733    0.3232   0.03561   0.01841  0.003962
    91/399     1.47G    0.0398   0.02979   0.00369   0.07328        42       416    0.5941    0.5169    0.5746    0.3359   0.03436   0.01805  0.003182
    92/399     1.47G   0.03956   0.02815  0.003788    0.0715        37       416    0.5997    0.5279    0.5819    0.3352   0.03484   0.01819  0.003192
    93/399     1.47G   0.03949   0.02915  0.003694   0.07233        65       416     0.606    0.5072     0.568     0.319   0.03603   0.01881  0.004548
    94/399     1.47G   0.03949   0.02985  0.004018   0.07336        31       416    0.9301    0.5194    0.5685    0.3356   0.03575   0.01872  0.004635
    95/399     1.47G   0.03956   0.02891   0.00324   0.07171        73       416    0.9267    0.5152    0.5688    0.3289    0.0352   0.01812  0.003424
    96/399     1.47G   0.03938   0.02868  0.003153   0.07122        39       416    0.5889    0.5376    0.5759     0.327   0.03662   0.01817  0.003836
    97/399     1.47G   0.03891    0.0286  0.003459   0.07096        41       416    0.6624    0.5482    0.5779    0.3369   0.03485    0.0184  0.003172
    98/399     1.47G   0.03874   0.02886  0.003382   0.07098        79       416    0.9265     0.506    0.5623    0.3328   0.03544   0.01867  0.004397
    99/399     1.47G   0.03966   0.02825  0.003784   0.07169        27       416    0.9237    0.5169    0.5648    0.3306   0.03463   0.01862  0.004723
   100/399     1.47G   0.03841   0.02793  0.003889   0.07023        71       416    0.9301    0.5104    0.5602    0.3286   0.03578   0.01895  0.004441
   101/399     1.47G   0.03905    0.0283  0.003848    0.0712        30       416    0.5819    0.5353    0.5746    0.3227    0.0357   0.01898  0.003408
   102/399     1.47G   0.03963   0.02865  0.003326   0.07161        43       416    0.9371     0.502    0.5691    0.3367   0.03499   0.01831  0.004289
   103/399     1.47G   0.03921   0.02772  0.003309   0.07025        51       416    0.9469    0.5049    0.5695    0.3252   0.03614   0.01866  0.003808
   104/399     1.47G   0.03909   0.02811  0.003153   0.07036        23       416    0.5876    0.5436    0.5806    0.3386    0.0353   0.01793  0.003633
   105/399     1.47G   0.03846    0.0277  0.003563   0.06973        39       416    0.9509    0.5165    0.5704     0.327   0.03521   0.01822   0.00382
   106/399     1.47G   0.03829   0.02691  0.003202   0.06841        20       416    0.9313    0.5083    0.5603    0.3176   0.03595   0.01858  0.004401
   107/399     1.47G   0.03813   0.02815   0.00322    0.0695        41       416    0.5931    0.5157    0.5741    0.3375   0.03454   0.01866   0.00398
   108/399     1.47G   0.03851   0.02768  0.003309   0.06949        32       416    0.9401    0.5146    0.5715    0.3339   0.03522   0.01799  0.003604
   109/399     1.47G   0.03823    0.0277  0.003021   0.06895        40       416    0.9158    0.5504    0.5706     0.331   0.03503   0.01818  0.004251
   110/399     1.47G   0.03743   0.02682  0.003152    0.0674        30       416    0.6066    0.5376    0.5777    0.3299   0.03437   0.01843  0.004106
   111/399     1.47G   0.03817   0.02808  0.003037   0.06928        24       416    0.6039    0.5054    0.5639    0.3247   0.03462   0.01874  0.004286
   112/399     1.47G    0.0376   0.02768  0.002786   0.06806        30       416    0.9191    0.5468    0.5811    0.3383   0.03471   0.01828  0.004488
   113/399     1.47G   0.03792   0.02741   0.00324   0.06857        32       416    0.9396    0.5429    0.5874    0.3417   0.03436   0.01826  0.003379
   114/399     1.47G   0.03716   0.02782  0.003236   0.06821        31       416    0.5917    0.5358    0.5796    0.3367   0.03503   0.01851  0.004281
   115/399     1.47G   0.03795   0.02822  0.003451   0.06962        58       416    0.5968    0.5265    0.5727    0.3391   0.03447   0.01857  0.004194
   116/399     1.47G   0.03791   0.02745  0.003089   0.06845        55       416    0.9103    0.5557    0.5814    0.3361   0.03489   0.01815  0.003873
   117/399     1.47G   0.03818   0.02741  0.003271   0.06885        31       416    0.9388    0.5223    0.5756    0.3401   0.03506   0.01856  0.003743
   118/399     1.47G   0.03805   0.02725  0.003069   0.06836        31       416    0.9548    0.5231    0.5807     0.336   0.03465   0.01798  0.003823
   119/399     1.47G   0.03727   0.02787  0.003111   0.06826        28       416    0.5861    0.5497    0.5868    0.3443   0.03415   0.01796  0.003649
   120/399     1.47G   0.03772   0.02695  0.002971   0.06764        20       416    0.5822    0.5456    0.5803    0.3431   0.03365   0.01836  0.003118
   121/399     1.47G    0.0374    0.0273   0.00307   0.06777        26       416    0.6101    0.5328    0.5791    0.3456   0.03403   0.01871  0.003187
   122/399     1.47G   0.03726   0.02778  0.002733   0.06778        24       416    0.5951    0.5509    0.5796    0.3495   0.03378   0.01805  0.003649
   123/399     1.47G   0.03722   0.02726  0.002911   0.06739        32       416    0.5872    0.5397    0.5803    0.3468   0.03385   0.01806  0.003306
   124/399     1.47G   0.03719   0.02669   0.00245   0.06634        53       416    0.9421    0.5316    0.5768    0.3356   0.03427   0.01812   0.00321
   125/399     1.47G   0.03611   0.02691  0.003224   0.06625        48       416      0.94    0.5354    0.5818    0.3436   0.03419   0.01789  0.003691
   126/399     1.47G   0.03641   0.02718  0.002733   0.06633        39       416    0.9356    0.5319    0.5722     0.342   0.03487   0.01848  0.003746
   127/399     1.47G    0.0369   0.02692  0.002972   0.06678        40       416    0.7297    0.5732    0.5992    0.3391   0.03562   0.01793  0.003285
   128/399     1.47G   0.03748   0.02836  0.002782   0.06862        46       416    0.7456    0.5391    0.5921    0.3436   0.03571   0.01826  0.002825
   129/399     1.47G   0.03597   0.02605  0.002825   0.06485        65       416    0.9315    0.5388    0.5835    0.3448   0.03418   0.01824  0.003853
   130/399     1.47G   0.03622   0.02699  0.002224   0.06543        41       416    0.6861    0.5558    0.5885    0.3445   0.03406   0.01851  0.003215
   131/399     1.47G   0.03603   0.02675   0.00264   0.06542        28       416    0.9481    0.5364    0.5804    0.3527   0.03373    0.0182  0.003393
   132/399     1.47G   0.03646    0.0273   0.00287   0.06663        79       416    0.8289    0.5885     0.615    0.3437   0.03524   0.01824  0.002976
   133/399     1.47G   0.03631   0.02606  0.002649   0.06502        34       416     0.637    0.5643     0.591    0.3498    0.0338   0.01795  0.003374
   134/399     1.47G   0.03568    0.0265  0.002679   0.06486        28       416    0.9128    0.5573    0.6064    0.3586   0.03331   0.01752  0.003523
   135/399     1.47G   0.03631   0.02843  0.002704   0.06744        57       416     0.686    0.5436    0.5907    0.3438   0.03484   0.01847   0.00333
   136/399     1.47G   0.03547   0.02668  0.002453    0.0646        39       416    0.9432    0.5306    0.5849    0.3463   0.03412   0.01797  0.003677
   137/399     1.47G   0.03595   0.02662  0.002591   0.06516        57       416    0.9254    0.5442      0.58    0.3456   0.03416   0.01809  0.003174
   138/399     1.47G    0.0356   0.02696   0.00245   0.06501        39       416    0.6048    0.5519    0.5881    0.3379   0.03465   0.01855  0.003289
   139/399     1.47G   0.03609    0.0261  0.002297    0.0645        36       416    0.6097    0.5756    0.6005    0.3466   0.03433   0.01825  0.003052
   140/399     1.47G   0.03638   0.02751  0.002974   0.06686        52       416     0.665    0.5753    0.5968    0.3417   0.03466   0.01819  0.003759
   141/399     1.47G   0.03544   0.02606  0.002146   0.06365        22       416    0.9401    0.5377    0.5849    0.3409   0.03472   0.01794  0.003652
   142/399     1.47G   0.03602   0.02647   0.00276   0.06525        22       416    0.9412    0.5389    0.5836    0.3394   0.03451   0.01787  0.003041
   143/399     1.47G    0.0359   0.02581  0.002579   0.06428        19       416    0.9401    0.5377    0.5878    0.3521   0.03405   0.01839  0.003326
   144/399     1.47G   0.03584   0.02706  0.002221   0.06513        42       416    0.9446    0.5381    0.5893    0.3497   0.03454   0.01827  0.003934
   145/399     1.47G   0.03516   0.02673  0.002414   0.06431        48       416    0.9291    0.5534    0.5876    0.3496   0.03468   0.01802  0.003676
   146/399     1.47G   0.03506   0.02595  0.002236   0.06325        44       416    0.6272     0.556    0.5879    0.3479   0.03393   0.01819  0.003637
   147/399     1.47G    0.0358   0.02554  0.002296   0.06363        31       416    0.9563    0.5176    0.5865    0.3476   0.03429   0.01794  0.003616
   148/399     1.47G   0.03538   0.02616  0.002656   0.06419        25       416    0.5911    0.5527    0.5834    0.3438   0.03422   0.01827  0.003912
   149/399     1.47G   0.03521    0.0259  0.002958   0.06408        30       416    0.9226    0.5488    0.5777    0.3412   0.03449   0.01779  0.003531
   150/399     1.47G   0.03526   0.02634   0.00248   0.06408        16       416    0.9441    0.5097     0.579    0.3408   0.03409   0.01819  0.003558
   151/399     1.47G   0.03392    0.0247  0.002445   0.06107        50       416    0.9416    0.5539    0.5942    0.3513   0.03395   0.01813  0.003446
   152/399     1.47G   0.03555   0.02665  0.002648   0.06485        32       416    0.5792    0.5638    0.5917    0.3544   0.03345   0.01787  0.003614
   153/399     1.47G   0.03484   0.02633    0.0026   0.06377        51       416    0.5972    0.5379    0.5811     0.347   0.03403   0.01832  0.003917
   154/399     1.47G   0.03483   0.02587  0.002349   0.06305        40       416    0.5964    0.5409    0.5837    0.3519   0.03388   0.01807  0.003892
   155/399     1.47G   0.03537   0.02661  0.002865   0.06485        55       416    0.6112    0.5289    0.5859     0.344    0.0341   0.01794  0.003853
   156/399     1.47G   0.03521   0.02666  0.003077   0.06495        43       416    0.5957     0.558    0.5923    0.3508   0.03398   0.01818  0.003415
   157/399     1.47G   0.03446   0.02448  0.002215   0.06115        52       416    0.9368     0.541    0.5814     0.351   0.03365   0.01809  0.003719
   158/399     1.47G   0.03534   0.02546  0.002382   0.06318        29       416     0.592    0.5529     0.588    0.3563   0.03373   0.01795  0.003426
   159/399     1.47G   0.03462   0.02627  0.002162   0.06306        90       416    0.9369    0.5404    0.5858     0.345   0.03441   0.01819  0.002953
   160/399     1.47G   0.03458    0.0249  0.002428   0.06191        35       416    0.6427    0.5723    0.6015    0.3543   0.03323   0.01764   0.00281
   161/399     1.47G   0.03435   0.02508  0.002415   0.06185        40       416    0.7054    0.5452    0.5903     0.345   0.03384   0.01782  0.003346
   162/399     1.47G   0.03468   0.02558   0.00223   0.06249        34       416    0.9407    0.5481    0.5808    0.3452   0.03383   0.01796  0.003445
   163/399     1.47G   0.03514   0.02498  0.002534   0.06265        50       416    0.9537    0.5453    0.5951    0.3541   0.03343   0.01824  0.002925
   164/399     1.47G   0.03456   0.02474  0.002521   0.06182        55       416    0.9236    0.5662     0.591    0.3507   0.03364    0.0182   0.00292
   165/399     1.47G   0.03405   0.02535  0.002111   0.06151        13       416    0.6068    0.5502    0.5914    0.3447   0.03409   0.01828  0.003507
   166/399     1.47G   0.03464   0.02599  0.002479   0.06311        25       416    0.9331    0.5504    0.5922    0.3459   0.03426   0.01815  0.003537
   167/399     1.47G   0.03472   0.02588  0.002291   0.06289        27       416    0.9578    0.5354    0.5828    0.3471   0.03397   0.01817  0.003873
   168/399     1.47G   0.03426   0.02552   0.00219   0.06197        66       416    0.9334    0.5352    0.5846    0.3542   0.03339   0.01847  0.002986
   169/399     1.47G   0.03407   0.02481  0.002367   0.06125        49       416    0.7132    0.5594    0.5889    0.3525   0.03408   0.01815   0.00374
   170/399     1.47G   0.03363   0.02521  0.002311   0.06115        26       416    0.6188    0.5301    0.5835    0.3543    0.0339   0.01814  0.004098
   171/399     1.47G   0.03436   0.02564  0.002147   0.06215        36       416    0.9435    0.5346    0.5882    0.3543   0.03384   0.01785  0.003888
   172/399     1.47G   0.03436   0.02539  0.002183   0.06193        48       416      0.94    0.5443    0.5819    0.3462    0.0337   0.01807  0.003679
   173/399     1.47G   0.03414   0.02405  0.002357   0.06055        36       416    0.6489    0.5925    0.5938    0.3533   0.03396   0.01815  0.003587
   174/399     1.47G   0.03422   0.02595  0.001993   0.06216        64       416    0.6093    0.5987    0.5931    0.3503    0.0338   0.01812  0.003963
   175/399     1.47G   0.03352   0.02517  0.002099   0.06079        53       416    0.9395     0.545    0.5925     0.346    0.0342   0.01823  0.003369
   176/399     1.47G   0.03415   0.02518   0.00235   0.06168        37       416    0.9347     0.544    0.5785    0.3492   0.03396   0.01849  0.003351
   177/399     1.47G   0.03292    0.0252  0.001959   0.06008        35       416    0.6056    0.5422    0.5779    0.3509   0.03393   0.01862  0.003483
   178/399     1.47G   0.03334   0.02464  0.002335   0.06032        24       416     0.948    0.5361    0.5838    0.3471   0.03447    0.0179  0.004448
   179/399     1.47G   0.03371    0.0251  0.001775   0.06058        32       416    0.9353     0.538    0.5823    0.3526   0.03393   0.01809  0.004802
   180/399     1.47G    0.0337   0.02526  0.002505   0.06146        33       416    0.9438    0.5393    0.5913    0.3564   0.03339    0.0179  0.004634
   181/399     1.47G   0.03359   0.02477  0.002304   0.06066        37       416    0.6164    0.5337    0.5853    0.3519    0.0335   0.01818  0.003901
   182/399     1.47G   0.03453   0.02456  0.002158   0.06125        71       416    0.9165    0.5648    0.5904    0.3543   0.03405    0.0178  0.003949
   183/399     1.47G   0.03313   0.02586  0.002139   0.06112        50       416    0.9187    0.5486    0.5839     0.346   0.03313   0.01828  0.004235
   184/399     1.47G   0.03346   0.02538  0.002153     0.061        59       416    0.5776    0.5704    0.5811      0.35   0.03323   0.01802  0.003977
   185/399     1.47G   0.03341   0.02406  0.002021   0.05948        55       416    0.9389    0.5323    0.5804    0.3506   0.03314   0.01778  0.003968
   186/399     1.47G   0.03326   0.02497  0.002333   0.06056        42       416    0.6569    0.5825    0.5922    0.3595   0.03258   0.01795  0.004019
   187/399     1.47G    0.0333   0.02472  0.001948   0.05996        55       416    0.9413    0.5331     0.581    0.3509   0.03362   0.01819  0.004665
   188/399     1.47G   0.03363   0.02539  0.001883    0.0609        50       416    0.6142    0.5693    0.5816    0.3462   0.03357   0.01816  0.005176
   189/399     1.47G   0.03319   0.02487  0.001784   0.05984        81       416    0.6535    0.5804    0.5925    0.3528   0.03294   0.01812  0.003713
   190/399     1.47G   0.03397   0.02496  0.002318   0.06125        39       416    0.6429    0.5984    0.5917    0.3607   0.03262   0.01757  0.004263
   191/399     1.47G   0.03269   0.02476  0.002024   0.05947        32       416    0.9386     0.539    0.5738    0.3435   0.03425   0.01842  0.004548
   192/399     1.47G   0.03354   0.02416  0.002259   0.05996        34       416    0.5944    0.5405    0.5712    0.3438   0.03482   0.01848  0.005091
   193/399     1.47G   0.03239   0.02345  0.001981   0.05781        50       416    0.9387    0.5251    0.5873     0.349    0.0343     0.018  0.004581
   194/399     1.47G   0.03333   0.02517  0.002177   0.06068        28       416     0.645     0.545    0.5781    0.3478   0.03325   0.01807  0.004019
   195/399     1.47G    0.0326   0.02435  0.002011   0.05897        34       416    0.9301    0.5425    0.5849    0.3545   0.03353    0.0177  0.004211
   196/399     1.47G   0.03283   0.02473  0.002099   0.05966        38       416    0.6111    0.5415    0.5799    0.3481   0.03345   0.01795  0.004623
   197/399     1.47G   0.03327   0.02465  0.002395   0.06031        41       416    0.6063    0.5521    0.5885    0.3569   0.03339   0.01801  0.004676
   198/399     1.47G   0.03288   0.02407  0.002102   0.05905        57       416    0.5918    0.5524    0.5834    0.3532   0.03296   0.01816  0.004369
   199/399     1.47G   0.03281   0.02409  0.002059   0.05896        25       416    0.7358    0.5973    0.5949    0.3586   0.03342   0.01794  0.004641
   200/399     1.47G   0.03341   0.02506  0.001911   0.06038        49       416    0.6307    0.5821    0.5911    0.3598   0.03342   0.01746  0.004462
   201/399     1.47G    0.0338   0.02535  0.001862   0.06101        36       416    0.7498    0.5605    0.5926    0.3534   0.03367   0.01791  0.004477
   202/399     1.47G   0.03238    0.0245  0.001949   0.05882        25       416    0.6877    0.5756    0.5949    0.3504   0.03356   0.01775  0.004131
   203/399     1.47G   0.03278   0.02463  0.002092    0.0595        50       416    0.7947    0.5412    0.6021    0.3523   0.03369   0.01749  0.003763
   204/399     1.47G   0.03288   0.02445  0.001971   0.05931        47       416    0.9467    0.5354    0.5834    0.3516   0.03345   0.01784  0.004272
   205/399     1.47G   0.03259   0.02498  0.002076   0.05964        33       416    0.9521    0.5257    0.5828    0.3537   0.03407   0.01775  0.004462
   206/399     1.47G   0.03239   0.02367  0.001995   0.05806        25       416    0.9256    0.5542    0.5851    0.3553   0.03413   0.01784  0.004577
   207/399     1.47G   0.03261   0.02442  0.002047   0.05908        35       416    0.6072    0.5539    0.5857    0.3556   0.03343   0.01796  0.004314
   208/399     1.47G   0.03204    0.0246  0.001826   0.05846        36       416    0.9453    0.5479    0.5818    0.3506   0.03311   0.01788  0.003955
   209/399     1.47G   0.03219   0.02497  0.002178   0.05934        34       416    0.9454    0.5497    0.5853      0.35   0.03346   0.01775  0.003976
   210/399     1.47G   0.03209   0.02377  0.001751    0.0576        45       416    0.9516    0.5377    0.5837    0.3502    0.0333   0.01806  0.003392
   211/399     1.47G   0.03276   0.02421  0.001852   0.05882        27       416     0.606     0.547     0.583    0.3516   0.03356   0.01806  0.003369
   212/399     1.47G   0.03235   0.02423  0.002134   0.05871        39       416    0.5951    0.5456     0.581    0.3467   0.03338    0.0183   0.00377
   213/399     1.47G   0.03231   0.02415  0.002101   0.05856        41       416    0.5772     0.556    0.5815    0.3477   0.03339    0.0181  0.003825
   214/399     1.47G   0.03204   0.02364  0.001852   0.05753        57       416    0.6012    0.5374    0.5846    0.3516   0.03368   0.01839  0.003768
   215/399     1.47G   0.03159   0.02333  0.002223   0.05714        70       416    0.6102    0.5378    0.5846    0.3474   0.03301   0.01829  0.003669
   216/399     1.47G   0.03212   0.02431   0.00183   0.05826        49       416    0.9432    0.5371    0.5834    0.3536   0.03316   0.01813  0.003271
   217/399     1.47G   0.03212   0.02448  0.001957   0.05856        46       416    0.9525     0.544    0.5874    0.3499   0.03318   0.01805  0.003409
   218/399     1.47G   0.03212   0.02398  0.001669   0.05777        45       416     0.943    0.5419    0.5874    0.3484   0.03279   0.01764  0.003266
   219/399     1.47G   0.03191     0.024  0.001686    0.0576        24       416    0.6303    0.5312    0.5901    0.3454   0.03364   0.01829  0.003759
   220/399     1.47G   0.03154   0.02308  0.001713   0.05633        53       416    0.6849    0.5862    0.5895    0.3515   0.03308   0.01761  0.003788
   221/399     1.47G    0.0317   0.02336  0.001799   0.05686        34       416    0.8808    0.5767    0.5917    0.3464   0.03359   0.01759  0.003731
   222/399     1.47G   0.03212   0.02346  0.001849   0.05743        54       416    0.5982    0.5446    0.5819    0.3458   0.03332   0.01799  0.003767
   223/399     1.47G    0.0317   0.02328  0.001494   0.05647        27       416    0.9403    0.5358    0.5839    0.3553   0.03364   0.01805  0.004055
   224/399     1.47G   0.03183   0.02383  0.001853   0.05751        20       416    0.7402    0.5525    0.5895     0.351   0.03301   0.01813  0.003384
   225/399     1.47G   0.03184   0.02418  0.002305   0.05832        45       416    0.7295    0.5725     0.589    0.3475   0.03327    0.0177  0.003893
   226/399     1.47G    0.0316   0.02337  0.002082   0.05706        44       416    0.9241     0.546    0.5785    0.3473   0.03318   0.01835  0.003802
   227/399     1.47G   0.03149   0.02356  0.001867   0.05691        61       416    0.7163    0.5706    0.5824    0.3484   0.03446   0.01779  0.004868
   228/399     1.47G   0.03132   0.02352  0.001926   0.05677        36       416    0.9386    0.5405    0.5885    0.3489   0.03321   0.01844   0.00375
   229/399     1.47G   0.03127   0.02506   0.00187    0.0582        82       416    0.7299    0.5663    0.5858    0.3464    0.0329   0.01806  0.004058
   230/399     1.47G   0.03108   0.02372  0.002012   0.05681        26       416    0.6653    0.5778    0.5904    0.3498   0.03331   0.01797  0.004316
   231/399     1.47G   0.03146   0.02337  0.001854   0.05669        66       416    0.7818    0.5433    0.5888    0.3517   0.03352   0.01785  0.004887
   232/399     1.47G   0.03152   0.02332  0.001792   0.05663        65       416    0.9283    0.5505    0.5841    0.3498   0.03404   0.01785  0.004644
   233/399     1.47G   0.03157   0.02413  0.001858   0.05756        30       416    0.9486    0.5374    0.5825    0.3498   0.03338   0.01786  0.003969
   234/399     1.47G   0.03145   0.02324  0.001906    0.0566        41       416    0.9338    0.5473    0.5848     0.358    0.0332   0.01787  0.003954
   235/399     1.47G   0.03066   0.02285   0.00189    0.0554        21       416    0.6109    0.5469    0.5823    0.3522   0.03286   0.01814  0.004089
   236/399     1.47G   0.03137   0.02332  0.002014    0.0567        15       416    0.6168    0.5404    0.5934    0.3504   0.03324   0.01801  0.004643
   237/399     1.47G   0.03156   0.02332  0.001845   0.05672        88       416    0.6469     0.571    0.5926    0.3531   0.03316   0.01779  0.004407
   238/399     1.47G   0.03115   0.02394  0.001887   0.05698        35       416    0.9486     0.543    0.5877    0.3594   0.03281   0.01773  0.004462
   239/399     1.47G   0.03194   0.02375  0.001758   0.05745        52       416    0.6113    0.5589    0.5919    0.3534   0.03283   0.01783  0.003875
   240/399     1.47G   0.03118   0.02324  0.001626   0.05605        31       416    0.6028    0.5613    0.5899     0.355   0.03256   0.01796   0.00342
   241/399     1.47G    0.0312   0.02362  0.001488   0.05631        37       416    0.6237    0.5508    0.5973    0.3572    0.0329   0.01819  0.003628
   242/399     1.47G   0.03049   0.02349  0.001705   0.05568        67       416    0.9572    0.5388    0.5926    0.3568   0.03349   0.01837  0.004237
   243/399     1.47G   0.03074    0.0233  0.001645   0.05568        46       416    0.9477     0.544    0.5857    0.3571   0.03296   0.01794   0.00379
   244/399     1.47G   0.03082   0.02246   0.00168   0.05496        44       416    0.8803    0.5734    0.5951     0.358   0.03261   0.01807  0.003769
   245/399     1.47G   0.03082   0.02367  0.001757   0.05625        64       416    0.9504    0.5429    0.5872    0.3551   0.03295   0.01815  0.003708
   246/399     1.47G   0.03081   0.02307  0.001789   0.05567        33       416    0.9505    0.5441    0.5856    0.3549   0.03278   0.01833  0.003878
   247/399     1.47G   0.03015   0.02359  0.001463    0.0552        59       416    0.9482    0.5437    0.5851    0.3516   0.03243   0.01806  0.003679
   248/399     1.47G    0.0306   0.02247  0.001414   0.05448        33       416    0.9201    0.5557    0.5817    0.3494   0.03301   0.01784  0.003845
   249/399     1.47G   0.03036   0.02256  0.001764   0.05468        67       416    0.9453    0.5523    0.5928    0.3508   0.03274   0.01772  0.003945
   250/399     1.47G   0.03087   0.02277  0.001663    0.0553        36       416    0.9315    0.5532    0.5888     0.357    0.0326   0.01773  0.003935
   251/399     1.47G   0.03079   0.02268  0.001846   0.05532        31       416    0.7845    0.5721    0.6111    0.3583   0.03256   0.01766  0.003972
   252/399     1.47G   0.03123   0.02396  0.001788   0.05697        79       416    0.6184    0.5855    0.6001    0.3618   0.03251    0.0175  0.003812
   253/399     1.47G   0.03045   0.02387  0.001681     0.056        41       416     0.929    0.5493    0.5939     0.357   0.03349   0.01797  0.003651
   254/399     1.47G   0.03026    0.0222  0.001741    0.0542        43       416    0.8729    0.5727    0.5939    0.3547   0.03346   0.01811   0.00384
   255/399     1.47G   0.03078   0.02364  0.001753   0.05617        81       416       0.6    0.5532     0.587    0.3573   0.03268   0.01775  0.003596
   256/399     1.47G   0.03068   0.02326  0.001738   0.05567        16       416    0.7316    0.5731    0.5933    0.3528   0.03291   0.01756  0.003038
   257/399     1.47G   0.03041   0.02326  0.001793   0.05547        26       416    0.8809    0.5834    0.6001    0.3522   0.03265    0.0181  0.003125
   258/399     1.47G    0.0303   0.02223  0.001494   0.05402        55       416    0.9424    0.5522    0.5883    0.3548   0.03249   0.01809  0.003122
   259/399     1.47G   0.03029    0.0232  0.001875   0.05537        40       416    0.6166     0.543     0.587    0.3561   0.03249   0.01787  0.003565
   260/399     1.47G   0.03014    0.0226   0.00196    0.0547        17       416     0.944    0.5481    0.5854    0.3571   0.03277    0.0177   0.00353
   261/399     1.47G   0.03046    0.0234  0.001791   0.05565        82       416    0.9458    0.5396    0.5968     0.357   0.03223   0.01784  0.003658
   262/399     1.47G   0.03025   0.02363  0.001645   0.05552        52       416    0.9414    0.5425    0.5823     0.352   0.03298   0.01797  0.003836
   263/399     1.47G    0.0306   0.02262  0.001687   0.05491        19       416    0.9398    0.5494    0.5872    0.3534   0.03308    0.0179   0.00404
   264/399     1.47G   0.03026   0.02267  0.001597   0.05452        33       416    0.9388    0.5626    0.5946    0.3621   0.03273   0.01793  0.003764
   265/399     1.47G   0.03035   0.02262  0.001636   0.05461        38       416     0.942    0.5488    0.5922    0.3601     0.033   0.01812   0.00411
   266/399     1.47G   0.03065   0.02295  0.001604   0.05521        25       416    0.9466    0.5412    0.5879    0.3593   0.03314   0.01778  0.003731
   267/399     1.47G   0.02985   0.02268  0.001669    0.0542        32       416      0.94    0.5524    0.5927    0.3581   0.03281   0.01783  0.003672
   268/399     1.47G   0.03019   0.02329  0.001481   0.05497        72       416    0.9522    0.5471     0.591    0.3558   0.03318   0.01817  0.003799
   269/399     1.47G   0.03029   0.02237  0.001469   0.05413        36       416    0.8791    0.5699    0.6005    0.3596   0.03342   0.01787  0.003746
   270/399     1.47G   0.02968   0.02274  0.001576     0.054        43       416    0.9226    0.5505    0.5869    0.3575   0.03297   0.01799  0.003342
   271/399     1.47G   0.02965   0.02144  0.001657   0.05274        23       416    0.7234    0.5698    0.5969     0.358   0.03313   0.01813  0.003144
   272/399     1.47G   0.03003   0.02316  0.001853   0.05503        40       416       0.9    0.5542    0.6075    0.3651   0.03274   0.01786    0.0034
   273/399     1.47G   0.03004   0.02255  0.001769   0.05436        38       416    0.9544    0.5372    0.5913    0.3574   0.03315   0.01776  0.003465
   274/399     1.47G   0.03013   0.02223  0.001441   0.05379        53       416    0.9476    0.5411    0.5916    0.3593   0.03334   0.01776  0.003325
   275/399     1.47G   0.02918    0.0218  0.001765   0.05275        54       416    0.9114    0.5678    0.6069    0.3591   0.03302   0.01814  0.003225
   276/399     1.47G   0.02972   0.02274  0.001515   0.05397        37       416    0.8866    0.5575    0.6029    0.3589   0.03254   0.01792  0.002775
   277/399     1.47G   0.02977   0.02268  0.001527   0.05398        30       416    0.6912    0.5715    0.5962    0.3584   0.03263   0.01786  0.003094
   278/399     1.47G   0.02973   0.02245  0.001785   0.05397        21       416    0.6289    0.5855    0.6076    0.3627   0.03297    0.0181  0.003187
   279/399     1.47G   0.02968    0.0227  0.001726    0.0541        35       416    0.7935    0.6022     0.626    0.3695   0.03295   0.01794  0.003295
   280/399     1.47G   0.02952   0.02231  0.001758   0.05359        38       416    0.7296    0.5992    0.6172    0.3622   0.03323    0.0182  0.003389
   281/399     1.47G   0.02958   0.02236  0.001491   0.05343        25       416    0.7221    0.6086    0.6246    0.3677    0.0331   0.01804  0.003212
   282/399     1.47G   0.02947    0.0226   0.00152   0.05358        45       416    0.9349    0.5607    0.5962    0.3576   0.03304   0.01835  0.002899
   283/399     1.47G   0.02953   0.02294  0.001497   0.05397        86       416    0.6945    0.5806    0.6024     0.364   0.03298    0.0182  0.002885
   284/399     1.47G   0.02911   0.02173  0.001431   0.05227        46       416    0.9439    0.5476    0.5933     0.359     0.033   0.01828  0.002859
   285/399     1.47G   0.02893   0.02251  0.001548   0.05299        25       416    0.5807     0.567    0.5955    0.3597   0.03276   0.01824  0.002661
   286/399     1.47G   0.02957   0.02247  0.001643   0.05368        42       416    0.9346    0.5508    0.5938    0.3602   0.03256   0.01822  0.002668
   287/399     1.47G   0.02963   0.02279  0.001607   0.05403        68       416    0.9429    0.5406    0.5839    0.3552   0.03257    0.0182  0.002996
   288/399     1.47G   0.02919   0.02204  0.001676   0.05291        40       416      0.95     0.537    0.6005    0.3558   0.03248    0.0179  0.002916
   289/399     1.47G   0.02892   0.02176  0.001662   0.05234        42       416    0.7332    0.5748    0.6067    0.3586   0.03262   0.01778  0.002573
   290/399     1.47G   0.02886   0.02226  0.001295   0.05241        43       416    0.8824    0.5957    0.6228     0.361   0.03228   0.01786  0.002689
   291/399     1.47G   0.02978   0.02224   0.00161   0.05364        32       416    0.8894    0.5674    0.6083    0.3586   0.03257   0.01811  0.002771
   292/399     1.47G   0.02912   0.02162  0.001589   0.05233        42       416    0.9403    0.5552     0.599    0.3577   0.03289    0.0183  0.002842
   293/399     1.47G   0.02928   0.02187   0.00168   0.05283        28       416    0.7643    0.5925      0.61    0.3581   0.03263   0.01808  0.002976
   294/399     1.47G   0.02894   0.02159  0.001478   0.05201        58       416    0.8816     0.579    0.6141    0.3637   0.03241   0.01811   0.00312
   295/399     1.47G    0.0293   0.02236  0.001525   0.05318        41       416     0.938    0.5514    0.6003    0.3555   0.03313   0.01816  0.003643
   296/399     1.47G    0.0295   0.02259  0.001593   0.05368        30       416    0.8847    0.5697    0.6101    0.3581   0.03299   0.01812  0.003295
   297/399     1.47G   0.02845   0.02096  0.001348   0.05075        35       416    0.9048    0.5719    0.6037    0.3589   0.03288   0.01817  0.003369
   298/399     1.47G   0.02928   0.02198  0.001336    0.0526        40       416    0.9519    0.5379    0.6058     0.356   0.03291   0.01812  0.003327
   299/399     1.47G   0.02879   0.02232  0.001552   0.05266        55       416    0.6954    0.6057    0.6125    0.3579   0.03266   0.01795  0.003202
   300/399     1.47G   0.02854   0.02176   0.00138   0.05168        50       416    0.9491    0.5512    0.5963    0.3601   0.03254    0.0179  0.003517
   301/399     1.47G   0.02836   0.02112  0.001745   0.05123        21       416    0.7697    0.5616     0.598    0.3607   0.03273   0.01799  0.003396
   302/399     1.47G   0.02858   0.02168  0.001528   0.05179        30       416    0.9222    0.5633    0.5965     0.358   0.03281   0.01812  0.003114
   303/399     1.47G   0.02905   0.02215  0.001735   0.05293        56       416    0.9396    0.5522    0.5876    0.3551   0.03257   0.01825   0.00342
   304/399     1.47G   0.02899   0.02202  0.001573   0.05258        43       416    0.9314    0.5572    0.5926    0.3552   0.03256   0.01838  0.003066
   305/399     1.47G   0.02863   0.02211  0.001414   0.05215        30       416    0.9428     0.556       0.6    0.3554   0.03299   0.01834  0.003016
   306/399     1.47G   0.02936    0.0225  0.001552   0.05342        27       416    0.8981    0.5647    0.6042    0.3573   0.03298   0.01867  0.002902
   307/399     1.47G   0.02907   0.02167  0.001328   0.05207        73       416    0.9315    0.5716    0.5992    0.3568   0.03281   0.01876  0.003093
   308/399     1.47G   0.02895    0.0213  0.001705   0.05195        32       416    0.6327    0.5627    0.5877    0.3544   0.03282    0.0187  0.003293
   309/399     1.47G   0.02822   0.02173  0.001398   0.05135        45       416    0.9387    0.5531    0.5849    0.3551   0.03229   0.01866  0.003181
   310/399     1.47G   0.02853   0.02088  0.001525   0.05094        30       416     0.932    0.5579    0.5855    0.3559   0.03279   0.01878  0.003474
   311/399     1.47G   0.02858   0.02074  0.001352   0.05067        35       416    0.9434    0.5486    0.5887    0.3595   0.03288    0.0187  0.003739
   312/399     1.47G   0.02873   0.02203  0.001561   0.05231        23       416    0.9474    0.5464    0.5973    0.3597   0.03278   0.01857   0.00346
   313/399     1.47G   0.02788    0.0214  0.001251   0.05054        41       416    0.9494    0.5497    0.6102    0.3583   0.03286   0.01844  0.003392
   314/399     1.47G   0.02837   0.02167  0.001376   0.05141        10       416    0.9342    0.5706    0.5898    0.3566   0.03232   0.01833  0.003275
   315/399     1.47G   0.02805   0.02146  0.001299    0.0508        24       416     0.945    0.5568    0.5902    0.3581    0.0322   0.01828  0.003433
   316/399     1.47G   0.02851   0.02152  0.001531   0.05157        52       416    0.6687    0.5886    0.5934    0.3599   0.03216   0.01858  0.003145
   317/399     1.47G   0.02806   0.02132  0.001385   0.05076        36       416    0.7155    0.5961    0.6003    0.3611   0.03293   0.01858  0.003213
   318/399     1.47G   0.02822   0.02166  0.001432   0.05132        45       416    0.9467     0.556    0.5973    0.3578   0.03297    0.0185  0.003481
   319/399     1.47G    0.0282   0.02155  0.001265   0.05101        41       416    0.9458     0.552    0.5933    0.3573   0.03292   0.01866  0.003442
   320/399     1.47G   0.02842   0.02145  0.001548   0.05142        41       416    0.9264    0.5547    0.5865    0.3549    0.0328   0.01856  0.003513
   321/399     1.47G   0.02868   0.02077  0.001396   0.05084        31       416    0.9482    0.5382    0.5884    0.3572     0.033   0.01861  0.003317
   322/399     1.47G    0.0288   0.02236  0.001199   0.05236        25       416    0.9193    0.5646    0.5916    0.3587   0.03274    0.0184  0.003522
   323/399     1.47G   0.02816   0.02114  0.001391   0.05069        33       416    0.9339    0.5554    0.5894    0.3578   0.03327   0.01827  0.003853
   324/399     1.47G   0.02834   0.02152  0.001211   0.05107        19       416    0.9362    0.5519    0.5891    0.3574   0.03337   0.01844  0.003493
   325/399     1.47G   0.02843    0.0215  0.001433   0.05136        72       416    0.6143      0.59     0.593    0.3587   0.03321   0.01851  0.003377
   326/399     1.47G     0.028    0.0221  0.001083   0.05118        67       416     0.932    0.5534    0.5906    0.3605   0.03278   0.01849  0.003304
   327/399     1.47G   0.02729   0.02099  0.001197   0.04947        25       416    0.9184    0.5613    0.5863    0.3588   0.03277   0.01847   0.00316
   328/399     1.47G   0.02821    0.0213  0.001326   0.05083        37       416    0.9457    0.5382     0.585     0.359   0.03263   0.01847  0.003114
   329/399     1.47G   0.02801   0.02146  0.001406   0.05088        51       416     0.955    0.5321    0.5883    0.3559   0.03286   0.01859  0.003307
   330/399     1.47G   0.02833   0.02099    0.0014   0.05071        33       416    0.9578    0.5372    0.5902    0.3585   0.03259    0.0185  0.003274
   331/399     1.47G   0.02805   0.02136  0.001389    0.0508        35       416    0.9264    0.5589    0.5908     0.358    0.0327   0.01851  0.002988
   332/399     1.47G   0.02785   0.02096  0.001332   0.05014        53       416    0.9393    0.5548    0.5947    0.3608   0.03276   0.01858  0.002862
   333/399     1.47G   0.02776   0.02138  0.001223   0.05036        38       416     0.939    0.5516    0.5921    0.3599   0.03297    0.0188  0.003304
   334/399     1.47G   0.02764   0.02084  0.001418   0.04991        68       416    0.9203     0.564    0.5904    0.3589   0.03306   0.01877  0.003316
   335/399     1.47G   0.02733   0.02161  0.001128   0.05006        58       416    0.9329    0.5467    0.5887    0.3613   0.03344   0.01881  0.003578
   336/399     1.47G   0.02816   0.02098   0.00127   0.05041        23       416     0.939    0.5444    0.5903    0.3604   0.03339   0.01879  0.003511
   337/399     1.47G   0.02809   0.02189   0.00122    0.0512        45       416    0.9433    0.5487     0.599    0.3655   0.03347   0.01871  0.003344
   338/399     1.47G   0.02805   0.02104  0.001389   0.05048        16       416    0.9463    0.5434    0.5898    0.3614   0.03284    0.0187  0.003399
   339/399     1.47G   0.02807   0.02126  0.001321   0.05065        38       416    0.9309    0.5566    0.5898    0.3599   0.03289   0.01858  0.003558
   340/399     1.47G   0.02835   0.02207  0.001109   0.05152        63       416    0.9418    0.5478    0.5892    0.3578   0.03307   0.01847  0.003412
   341/399     1.47G   0.02784   0.02092  0.001207   0.04997        69       416    0.9458    0.5494    0.5931    0.3584   0.03319   0.01848  0.003279
   342/399     1.47G   0.02792   0.02167  0.001391   0.05098        45       416     0.612    0.5459    0.5933    0.3625   0.03317   0.01859  0.003412
   343/399     1.47G   0.02825   0.02201  0.001398   0.05166        61       416    0.9464    0.5423    0.5877    0.3598   0.03298   0.01863  0.003459
   344/399     1.47G   0.02781   0.02131  0.001367   0.05049        33       416    0.9325    0.5501    0.5867      0.36   0.03282   0.01839  0.003562
   345/399     1.47G   0.02818   0.02152  0.001388   0.05109        40       416    0.9354    0.5494    0.5863    0.3614    0.0326   0.01814  0.003437
   346/399     1.47G   0.02769   0.02115  0.001324   0.05016        40       416    0.9345    0.5426    0.5815    0.3579   0.03245   0.01837  0.003767
   347/399     1.47G   0.02775   0.02147  0.001441   0.05066        41       416     0.939    0.5516    0.5871    0.3582    0.0325   0.01849  0.003597
   348/399     1.47G   0.02718   0.02186  0.001445   0.05049        31       416    0.9391    0.5472    0.5857    0.3602   0.03268   0.01861   0.00393
   349/399     1.47G   0.02782   0.02137  0.001321   0.05051        27       416    0.7246    0.5786    0.5912    0.3582   0.03278   0.01863  0.004044
   350/399     1.47G   0.02815   0.02148  0.001397   0.05102        50       416    0.9048    0.5756    0.5952    0.3588   0.03282   0.01859  0.003861
   351/399     1.47G    0.0278    0.0215  0.001183   0.05048        58       416    0.8948    0.5745    0.5951    0.3606   0.03247   0.01844  0.003797
   352/399     1.47G   0.02766    0.0206   0.00125   0.04952        17       416    0.6387    0.5741    0.5919    0.3567   0.03254   0.01832  0.003976
   353/399     1.47G   0.02758   0.02062  0.001353   0.04955        31       416    0.6157    0.5492    0.5974    0.3571   0.03271   0.01821  0.003758
   354/399     1.47G   0.02763   0.02083  0.001261   0.04972        25       416    0.5934    0.5717    0.5957    0.3586   0.03277   0.01828  0.003617
   355/399     1.47G   0.02734   0.02039  0.001169   0.04891        32       416    0.9285    0.5657    0.5955    0.3615   0.03267   0.01832  0.003399
   356/399     1.47G   0.02814   0.02095  0.001347   0.05044        20       416    0.9332    0.5525    0.5908      0.36   0.03242   0.01839  0.003561
   357/399     1.47G    0.0274   0.02104  0.001341   0.04978        50       416    0.9247    0.5558    0.5896    0.3587   0.03282   0.01854  0.003673
   358/399     1.47G   0.02746   0.02099  0.001292   0.04975        27       416    0.9261    0.5573    0.5857    0.3603   0.03275   0.01849  0.003691
   359/399     1.47G   0.02744   0.02087  0.001358   0.04967        35       416    0.9328    0.5538    0.5841    0.3588   0.03266   0.01854  0.003699
   360/399     1.47G   0.02797   0.02042  0.001239   0.04962        40       416    0.9367    0.5562     0.588    0.3595   0.03266   0.01851  0.003474
   361/399     1.47G   0.02728   0.02097  0.001103   0.04935        43       416    0.9308    0.5573    0.5878    0.3575   0.03288   0.01849  0.003427
   362/399     1.47G   0.02735    0.0213  0.001267   0.04992        59       416    0.9269    0.5573    0.5863    0.3559   0.03286   0.01844  0.003399
   363/399     1.47G    0.0271   0.02036  0.001249   0.04871        64       416     0.931    0.5583    0.5897    0.3586     0.033   0.01834  0.003439
   364/399     1.47G   0.02716   0.02087  0.001417   0.04944        60       416    0.9318     0.557    0.6005    0.3596   0.03289   0.01832  0.003485
   365/399     1.47G   0.02737   0.02089  0.001458   0.04972        26       416    0.9238    0.5646    0.6014    0.3585   0.03286    0.0184  0.003332
   366/399     1.47G   0.02751   0.02086  0.001404   0.04977        29       416    0.9309    0.5616    0.5969    0.3585   0.03281    0.0184  0.003077
   367/399     1.47G    0.0276    0.0213  0.001213   0.05011        23       416    0.9344    0.5691    0.6004    0.3612   0.03282   0.01829  0.002748
   368/399     1.47G   0.02739   0.02081  0.001343   0.04954        51       416    0.7147    0.5907    0.6058    0.3598   0.03289    0.0184  0.002736
   369/399     1.47G   0.02725   0.02151  0.001108   0.04986        35       416     0.935    0.5664    0.5982    0.3594   0.03267   0.01833  0.003066
   370/399     1.47G   0.02727   0.02027  0.001182   0.04873        40       416    0.9358    0.5659    0.5971    0.3599   0.03283   0.01857  0.003054
   371/399     1.47G   0.02711   0.02109  0.001456   0.04966        49       416    0.9224    0.5643    0.5914    0.3583   0.03284   0.01866  0.003219
   372/399     1.47G   0.02728   0.02062  0.001227   0.04912        54       416    0.9336    0.5642    0.6009    0.3579   0.03302   0.01872   0.00309
   373/399     1.47G   0.02739   0.02267  0.001292   0.05135        32       416    0.6011    0.5587     0.596    0.3607   0.03326   0.01878  0.003297
   374/399     1.47G    0.0274     0.021  0.001115   0.04951        64       416    0.6016    0.5574    0.5971    0.3573    0.0333   0.01883  0.003526
   375/399     1.47G   0.02755   0.02083  0.001242   0.04963        27       416     0.624    0.5837    0.5941    0.3591   0.03304   0.01878  0.003481
   376/399     1.47G   0.02716   0.02097    0.0013   0.04943        64       416     0.586    0.5717    0.5965    0.3583   0.03286   0.01867  0.003533
   377/399     1.47G   0.02768   0.02119  0.001193   0.05007        38       416    0.9401    0.5509    0.5942    0.3593    0.0331    0.0186  0.003513
   378/399     1.47G   0.02698   0.02114  0.001185   0.04931        67       416    0.9394    0.5542     0.592    0.3575   0.03345   0.01868  0.003519
   379/399     1.47G   0.02734   0.02082  0.001242   0.04941        53       416    0.6005    0.5592    0.5913    0.3598   0.03331   0.01854  0.003507
   380/399     1.47G   0.02746   0.02196   0.00129   0.05071        48       416    0.9304    0.5566    0.5899    0.3623   0.03301   0.01848  0.003296
   381/399     1.47G   0.02694   0.02077   0.00146   0.04916        20       416    0.9324    0.5606    0.6022    0.3637   0.03257   0.01843  0.003206
   382/399     1.47G   0.02702   0.01982  0.001375   0.04821        33       416    0.9357    0.5618    0.6068    0.3621   0.03253   0.01852  0.003046
   383/399     1.47G   0.02763   0.02121  0.001512   0.05036        69       416    0.9403    0.5611    0.5987    0.3583   0.03265   0.01854     0.003
   384/399     1.47G   0.02766   0.02071  0.001375   0.04974        24       416    0.9243    0.5734    0.6021    0.3592   0.03284   0.01866  0.003058
   385/399     1.47G   0.02743   0.02058  0.001245   0.04926        30       416    0.9518    0.5507    0.5988    0.3623   0.03287   0.01851  0.003162
   386/399     1.47G   0.02639   0.02007  0.001099   0.04756        55       416     0.938    0.5676    0.6012     0.363   0.03316   0.01849  0.003357
   387/399     1.47G   0.02708   0.02004   0.00123   0.04835        44       416    0.9496     0.557    0.5949    0.3598   0.03335   0.01854  0.003538
   388/399     1.47G   0.02687   0.02082  0.001196   0.04889        79       416    0.9474    0.5626    0.5978    0.3625     0.033   0.01844  0.003346
   389/399     1.47G   0.02679   0.02032  0.001237   0.04834        32       416    0.9415    0.5544    0.5923    0.3593     0.033   0.01859  0.003247
   390/399     1.47G   0.02686   0.02095  0.000915   0.04873        21       416    0.9379    0.5466    0.5859    0.3571   0.03304   0.01869  0.003279
   391/399     1.47G   0.02633   0.02016  0.001029   0.04751        37       416    0.9343    0.5546    0.5933    0.3586    0.0329   0.01868  0.003263
   392/399     1.47G   0.02713   0.02061  0.001109   0.04885        35       416    0.9339    0.5569    0.5889    0.3556   0.03317   0.01884  0.003378
   393/399     1.47G   0.02756   0.02147  0.001259   0.05029        43       416     0.945    0.5484    0.5892     0.353   0.03318   0.01876   0.00329
   394/399     1.47G   0.02695   0.02082  0.001246   0.04901        40       416    0.9505    0.5428    0.5907    0.3567     0.033    0.0187  0.003256
   395/399     1.47G   0.02624   0.02087  0.001294    0.0484        44       416    0.9466     0.552    0.5928    0.3602   0.03291   0.01856  0.003395
   396/399     1.47G   0.02749    0.0213  0.001334   0.05013        49       416    0.9513    0.5478     0.596    0.3593   0.03275    0.0186  0.003223
   397/399     1.47G   0.02709   0.02005  0.001502   0.04864        39       416     0.952    0.5506    0.5996    0.3622   0.03251   0.01853  0.003073
   398/399     1.47G   0.02713   0.02076  0.001239   0.04912        23       416    0.9427    0.5598    0.5999    0.3608    0.0325   0.01842  0.003062
   399/399     1.47G   0.02697   0.02079  0.001146   0.04891        49       416    0.9449    0.5594    0.5964    0.3593   0.03268   0.01854  0.003112
